
n = 20000

locations <- c("Europe / Germany / Berlin",
               "Europe / Germany / Brandenburg")

lineages <- c("AA.2", "AA.3", "AD.2", "AY.10", "AY.100", 
"AY.103", "AY.109", "AY.11", "AY.110", "AY.111", 
"AY.112", "AY.113", "AY.116", "AY.119.2", "AY.120", 
"AY.121", "AY.121.1", "AY.122", "AY.124", "AY.125", 
"AY.126", "AY.127", "AY.129", "AY.25.1", "AY.28", 
"AY.3", "AY.33", "AY.34", "AY.34.1", "AY.36", 
"AY.37", "AY.4", "AY.4.1", "AY.4.11", "AY.4.2", 
"AY.4.2.1", "AY.4.2.2", "AY.4.2.3", "AY.4.3", "AY.4.5", 
"AY.4.8", "AY.42", "AY.43", "AY.46", "AY.46.5", 
"AY.5", "AY.58", "AY.6", "AY.7", "AY.8", 
"AY.84", "AY.87", "AY.88", "AY.9", "AY.9.2", 
"AY.90", "AY.92", "AY.98", "AY.98.1", "B", 
"B.1", "B.1.1", "B.1.1.1", "B.1.1.115", "B.1.1.125", 
"B.1.1.142", "B.1.1.165", "B.1.1.171", "B.1.1.189", "B.1.1.194", 
"B.1.1.198", "B.1.1.204", "B.1.1.227", "B.1.1.253", "B.1.1.277", 
"B.1.1.29", "B.1.1.294", "B.1.1.299", "B.1.1.301", "B.1.1.303", 
"B.1.1.307", "B.1.1.311", "B.1.1.318", "B.1.1.365", "B.1.1.369", 
"B.1.1.37", "B.1.1.372", "B.1.1.420", "B.1.1.434", "B.1.1.44", 
"B.1.1.51", "B.1.1.529", "B.1.1.7", "B.1.1.74", "B.1.1.83", 
"B.1.13", "B.1.151", "B.1.160", "B.1.160.33", "B.1.160.7", 
"B.1.177", "B.1.177.10", "B.1.177.15", "B.1.177.16", "B.1.177.17", 
"B.1.177.18", "B.1.177.19", "B.1.177.3", "B.1.177.4", "B.1.177.5", 
"B.1.177.54", "B.1.177.56", "B.1.177.57", "B.1.177.6", "B.1.177.63", 
"B.1.177.65", "B.1.177.69", "B.1.177.7", "B.1.177.84", "B.1.180", 
"B.1.215", "B.1.221", "B.1.221.1", "B.1.223", "B.1.235", 
"B.1.240", "B.1.258", "B.1.258.3", "B.1.258.4", "B.1.258.5", 
"B.1.258.6", "B.1.258.7", "B.1.351", "B.1.36", "B.1.36.17", 
"B.1.36.2", "B.1.36.29", "B.1.36.39", "B.1.36.9", "B.1.362.2", 
"B.1.367", "B.1.379", "B.1.383", "B.1.389", "B.1.391", 
"B.1.40", "B.1.408", "B.1.532", "B.1.617.1", "B.1.617.2", 
"B.1.93", "B.23", "B.28", "B.29", "B.3", 
"B.3.1", "B.31", "B.33", "B.34", "B.4", 
"B.40", "BA.1", "BA.1.1", "BA.1.1.1", "BA.1.1.12", 
"BA.1.1.13", "BA.1.1.14", "BA.1.1.15", "BA.1.1.4", "BA.1.1.7", 
"BA.1.10", "BA.1.12", "BA.1.13", "BA.1.14", "BA.1.15", 
"BA.1.15.1", "BA.1.16", "BA.1.17", "BA.1.17.2", "BA.1.18", 
"BA.1.19", "BA.1.20", "BA.1.21", "BA.1.21.1", "BA.1.5", 
"BA.1.7", "BA.1.8", "BA.2", "BA.2.1", "BA.2.10", 
"BA.2.10.1", "BA.2.12.1", "BA.2.15", "BA.2.16", "BA.2.18", 
"BA.2.22", "BA.2.23", "BA.2.3", "BA.2.36", "BA.2.37", 
"BA.2.38", "BA.2.39", "BA.2.40.1", "BA.2.41", "BA.2.47", 
"BA.2.49", "BA.2.5", "BA.2.50", "BA.2.56", "BA.2.67", 
"BA.2.75.2", "BA.2.8", "BA.2.86.1", "BA.2.9", "BA.2.9.1", 
"BA.4", "BA.4.1", "BA.4.4", "BA.4.6", "BA.4.6.1", 
"BA.4.7", "BA.5", "BA.5.1", "BA.5.1.10", "BA.5.1.15", 
"BA.5.1.2", "BA.5.1.22", "BA.5.1.23", "BA.5.1.24", "BA.5.1.3", 
"BA.5.1.30", "BA.5.1.35", "BA.5.1.5", "BA.5.2", "BA.5.2.1", 
"BA.5.2.13", "BA.5.2.19", "BA.5.2.2", "BA.5.2.20", "BA.5.2.21", 
"BA.5.2.25", "BA.5.2.3", "BA.5.2.30", "BA.5.2.34", "BA.5.2.35", 
"BA.5.2.36", "BA.5.2.6", "BA.5.2.7", "BA.5.2.9", "BA.5.3.2", 
"BA.5.3.3", "BA.5.5", "BA.5.6", "BA.5.8", "BA.5.9", 
"BD.1", "BE.1", "BE.1.1", "BE.1.1.2", "BE.1.4", 
"BE.12", "BE.5", "BF.1", "BF.11", "BF.11.2", 
"BF.11.5", "BF.26", "BF.28", "BF.4", "BF.5", 
"BF.6", "BF.7", "BF.7.21", "BF.7.23", "BF.7.4", 
"BF.7.7", "BN.1", "BN.1.3.1", "BN.1.4", "BN.1.5", 
"BN.1.7", "BQ.1", "BQ.1.1", "BQ.1.1.1", "BQ.1.1.19", 
"BQ.1.1.2", "BQ.1.1.22", "BQ.1.1.24", "BQ.1.1.3", "BQ.1.1.31", 
"BQ.1.1.32", "BQ.1.1.34", "BQ.1.1.36", "BQ.1.1.4", "BQ.1.1.41", 
"BQ.1.1.42", "BQ.1.1.5", "BQ.1.1.56", "BQ.1.1.6", "BQ.1.1.66", 
"BQ.1.1.7", "BQ.1.1.72", "BQ.1.1.8", "BQ.1.10", "BQ.1.11", 
"BQ.1.2", "BQ.1.23", "BQ.1.25", "BQ.1.3.1", "BQ.1.7", 
"BQ.1.8", "BQ.1.8.2", "BR.2.1", "BU.1", "C.16", 
"C.30", "C.36", "C.36.3", "CH.1.1", "CH.1.1.1", 
"CH.1.1.10", "CH.1.1.14", "CH.1.1.19", "CH.1.1.2", "CH.1.1.21", 
"CH.1.1.28", "CH.1.1.6", "CH.1.1.8", "CH.1.1.9", "CK.1", 
"CP.1", "CQ.1.1", "CR.2", "DN.1.1", "DT.1", 
"DV.1", "DV.1.1", "DV.2", "DV.3", "DV.6", 
"DV.7.1", "EA.1", "EC.1.1", "EF.1", "EF.2", 
"EG.1", "EG.5.1", "EG.5.1.1", "EG.5.1.4", "EG.5.1.6", 
"EG.9.1", "FJ.1", "FL.1.5.1", "FL.1.5.2", "FL.14", 
"FL.15.1.1", "FL.19.1", "FL.2.2.1", "FL.24", "FL.3", 
"FL.3.1", "FL.3.2", "FL.4", "FL.9", "FR.1", 
"FY.1.2", "FY.4.1.2", "GE.1", "GE.1.2", "GJ.5", 
"GJ.5.1", "GP.2", "GS.4", "GS.4.1", "GW.3", 
"GW.5", "HF.1", "HK.3", "HK.6", "JD.1.1", 
"JD.1.1.1", "JN.2", "JN.3", "JN.6", "P.2", 
"V.1", "W.3", "XAJ", "XBB.1", "XBB.1.16", 
"XBB.1.16.1", "XBB.1.16.11", "XBB.1.16.15", "XBB.1.16.21", "XBB.1.16.6", 
"XBB.1.17.1", "XBB.1.41.1", "XBB.1.5", "XBB.1.5.11", "XBB.1.5.13", 
"XBB.1.5.14", "XBB.1.5.16", "XBB.1.5.18", "XBB.1.5.19", "XBB.1.5.24", 
"XBB.1.5.33", "XBB.1.5.36", "XBB.1.5.37", "XBB.1.5.38", "XBB.1.5.48", 
"XBB.1.5.52", "XBB.1.5.54", "XBB.1.5.57", "XBB.1.5.59", "XBB.1.5.7", 
"XBB.1.9.1", "XBB.2", "XBB.2.3.11", "XBB.2.6", "XBE", 
"XBF", "XBQ", "XCH.1", "XE", "XN", 
"Z.1")

data <- data.frame(
"Virus name" = paste("hCoV-19/CC/", stri_rand_strings(n, 5, "[A-Z]"), sep = ""),
"Collection date" = sample(seq(as.Date('2020-01-01'), as.Date('2021-12-31'), by="day"), n, replace=TRUE),
"Last vaccinated" = "?",
"Passage details/history" = "",
"Type" = "betacoronavirus",
"Accession ID" = paste("EPI_ISL_", sep = "", stri_rand_strings(n, 5, "[0-9]")),
"Location" = sample(locations, n, replace = TRUE),
"Additional location information" = "",
"Sequence length" = 1270,
"Host" = "Human",
"Patient age" = 0, 
"Gender" = "Female", 
"Clade" = "GRA",  
"Pango lineage" = sample(lineages, n, replace=TRUE),
"Pango version" = "consensus", 
"Variant" = "call", 
"AA Substitutions" = NA, 
"Submission date" = sample(seq(as.Date('2020-01-01'), as.Date('2021-12-31'), by="day"), n, replace=TRUE), 
"Is reference?" = FALSE,
"Is complete?" = TRUE,
"Is high coverage?" = TRUE,
"Is low coverage?" = FALSE,
"N-Content" = 0.01,
"GC-Content" = 0.4,
check.names = FALSE
)

write.table(data, "metadata.tsv",
            quote = FALSE, sep = "\t", col.names = TRUE,
            row.names = FALSE)
